0 0 5.999727600421411e-01 -7.347546955354473e-17
2 0 3.390491376618407e-01 -4.152154589432479e-17
4 0 2.324980691719213e-01 -2.847296685705730e-17
6 0 1.596510015697987e-01 -1.955160806757507e-17
8 0 9.203770453979079e-02 -1.127136688849248e-17
10 0 2.319889389318097e-02 -2.841046373506290e-18
12 0 -2.517434457314805e-02 3.082969354189260e-18
14 0 -2.413232212864524e-02 2.955355800709538e-18
16 0 9.069902512163797e-03 -1.110741419050242e-18
18 0 1.650552803207414e-02 -2.021345493099514e-18
20 0 -8.167801953897103e-03 1.000268535453693e-18
22 0 -1.001280993605969e-02 1.226205767463111e-18
24 0 1.011038878712253e-02 -1.238158704342327e-18
26 0 2.754113127519295e-03 -3.373002630812621e-19
28 0 -9.748071007182583e-03 1.193814336893397e-18
30 0 4.472190106563520e-03 -5.476868984349424e-19
32 0 4.646247068291524e-03 -5.690924345195087e-19
34 0 -7.637183176719332e-03 9.355135894890996e-19
0 2 3.390491376618145e-01 -4.152148307331255e-17
2 2 1.898338785511709e-01 -2.324798918456594e-17
4 2 1.236651340570288e-01 -1.514455211834262e-17
6 2 6.957396498673195e-02 -8.520376630789839e-18
8 2 1.729143458263456e-02 -2.117557774618486e-18
10 2 -1.859248564758844e-02 2.276805134694718e-18
12 2 -1.770828315368734e-02 2.168766753320444e-18
14 2 6.623720267156923e-03 -8.112041415636336e-19
16 2 1.200953567329586e-02 -1.470604600068594e-18
18 2 -5.925546332969300e-03 7.255227999410046e-19
20 2 -7.246739795843615e-03 8.874797441842737e-19
22 2 7.302886675031582e-03 -8.943545375028813e-19
24 2 1.986019215482422e-03 -2.432084743394419e-19
26 2 -7.019413385314054e-03 8.596194722255183e-19
28 2 3.216376545769880e-03 -3.933323368139062e-19
30 2 3.337962436204666e-03 -4.088100650324658e-19
32 2 -5.481516153851456e-03 6.713404568478569e-19
0 4 2.324980691719074e-01 -2.847134044970970e-17
2 4 1.236651340570290e-01 -1.514600186369580e-17
4 4 6.600365856206324e-02 -8.082063769804743e-18
6 4 1.600875769050747e-02 -1.960856062899435e-18
8 4 -1.697253964879765e-02 2.078879491839963e-18
10 4 -1.601774479148476e-02 1.961271927130173e-18
12 4 5.952850234149220e-03 -7.286803974973276e-19
14 4 1.074165525761297e-02 -1.315568305662613e-18
16 4 -5.280448628300323e-03 6.479088089793379e-19
18 4 -6.438897278022607e-03 7.884459249060211e-19
20 4 6.473317165035204e-03 -7.926625489175181e-19
22 4 1.756935348577569e-03 -2.152524650131363e-19
24 4 -6.199378044129893e-03 7.595528261047233e-19
26 4 2.836577487674974e-03 -3.477358241020455e-19
28 4 2.940178551739339e-03 -3.599847320580281e-19
30 4 -4.823091179385345e-03 5.902821283546687e-19
0 6 1.596510015697934e-01 -1.954865974712911e-17
2 6 6.957396498673138e-02 -8.521026596520751e-18
4 6 1.600875769050665e-02 -1.958619765954014e-18
6 6 -1.656350268137990e-02 2.026667203053849e-18
8 6 -1.541308211196649e-02 1.889254557573591e-18
10 6 5.675819997760899e-03 -6.967402619833017e-19
12 6 1.017590230178346e-02 -1.245713855758920e-18
14 6 -4.978454710285636e-03 6.080632121089736e-19
16 6 -6.048290824951260e-03 7.423221010604509e-19
18 6 6.062817010642602e-03 -7.441103099754705e-19
20 6 1.641598137553176e-03 -1.993912982673338e-19
22 6 -5.780949834245435e-03 7.062899293228409e-19
24 6 2.640709929323058e-03 -3.216848798872696e-19
26 6 2.733255405691084e-03 -3.364838219758170e-19
28 6 -4.478127738086777e-03 5.502312723080120e-19
0 8 9.203770453980277e-02 -1.126860851306986e-17
2 8 1.729143458263670e-02 -2.123848474603191e-18
4 8 -1.697253964879671e-02 2.080261093788244e-18
6 8 -1.541308211194862e-02 1.882352246978297e-18
8 8 5.596433990167995e-03 -6.803691517909861e-19
10 8 9.941942239286912e-03 -1.222406248836806e-18
12 8 -4.832712158302493e-03 5.966349909465213e-19
14 8 -5.843204067656807e-03 7.108165805807079e-19
16 8 5.835664003479419e-03 -7.098924080864425e-19
18 8 1.575466143078496e-03 -1.977400792259349e-19
20 8 -5.534838079897212e-03 6.826803157445776e-19
22 8 2.523285707764999e-03 -3.139576960649440e-19
24 8 2.607359478949559e-03 -3.142478863626671e-19
26 8 -4.265771984922613e-03 5.171840469255739e-19
0 10 2.319889389315933e-02 -2.825989278964016e-18
2 10 -1.859248564759194e-02 2.266022310665023e-18
4 10 -1.601774479149727e-02 1.971286018773960e-18
6 10 5.675819997746057e-03 -7.041402266626339e-19
8 10 9.941942239285951e-03 -1.208825412765110e-18
10 10 -4.788576876216910e-03 5.779274803992720e-19
12 10 -5.752606269414276e-03 7.128782374467762e-19
14 10 5.717759647548215e-03 -7.085653688557953e-19
16 10 1.537949662618622e-03 -1.799889836753891e-19
18 10 -5.387215794277676e-03 6.513216784327825e-19
20 10 2.450131396909147e-03 -2.915133184182600e-19
22 10 2.526759280171524e-03 -3.181582905515432e-19
24 10 -4.127010388574627e-03 4.498695432672484e-19
0 12 -2.517434457311514e-02 3.086957655452556e-18
2 12 -1.770828315367711e-02 2.165789631681881e-18
4 12 5.952850234236105e-03 -7.208995638816319e-19
6 12 1.017590230178511e-02 -1.253804525391732e-18
8 12 -4.832712158302522e-03 5.991571867527174e-19
10 12 -5.752606269409827e-03 6.973320791644579e-19
12 12 5.680989107633299e-03 -6.886417180124985e-19
14 12 1.520765328166264e-03 -1.932976878424562e-19
16 12 -5.307400777587805e-03 6.570612480447282e-19
18 12 2.406762812481940e-03 -3.019211460136905e-19
20 12 2.476117685133930e-03 -2.959137463157472e-19
22 12 -4.036295785882790e-03 4.867567480608559e-19
0 14 -2.413232212869179e-02 2.954538352997096e-18
2 14 6.623720267050765e-03 -8.105875346884514e-19
4 14 1.074165525758645e-02 -1.315981935818216e-18
6 14 -4.978454709712687e-03 6.101518367035147e-19
8 14 -5.843204068011359e-03 7.151439475228572e-19
10 14 5.717759647546545e-03 -6.997959615631681e-19
12 14 1.520765328156488e-03 -1.875380827291458e-19
14 14 -5.282066977662962e-03 6.481294704023660e-19
16 14 2.386452214621734e-03 -2.934844176626682e-19
18 14 2.448032266113081e-03 -2.986135890693930e-19
20 14 -3.981001450777513e-03 4.864211461209953e-19
0 16 9.069902512169332e-03 -1.114588341820225e-18
2 16 1.200953567343664e-02 -1.467997400432469e-18
4 16 -5.280448628304925e-03 6.442652054043578e-19
6 16 -6.048290824951343e-03 7.429257416614776e-19
8 16 5.835664003480239e-03 -7.216694098654712e-19
10 16 1.537949662628729e-03 -1.815061669694603e-19
12 16 -5.307400777581752e-03 6.432197783620843e-19
14 16 2.386452214635186e-03 -2.855446363436896e-19
16 16 2.439015541978509e-03 -3.054076627711169e-19
18 16 -3.954723926379802e-03 4.910543469788945e-19
0 18 1.650552803206701e-02 -2.021285185128261e-18
2 18 -5.925546333148543e-03 7.256285647303142e-19
4 18 -6.438897278022365e-03 7.885723866674599e-19
6 18 6.062817010606097e-03 -7.425207114882954e-19
8 18 1.575466143115847e-03 -1.929126171635369e-19
10 18 -5.387215794338719e-03 6.597783995441823e-19
12 18 2.406762812520247e-03 -2.947984884866209e-19
14 18 2.448032266051954e-03 -2.997157551059805e-19
16 18 -3.954723926245821e-03 4.842067534065097e-19
0 20 -8.167801953888347e-03 1.003715125233150e-18
2 20 -7.246739795622547e-03 8.850071817544359e-19
4 20 6.473317165036455e-03 -7.905966166505338e-19
6 20 1.641598137555797e-03 -2.030212452322877e-19
8 20 -5.534838079880027e-03 6.841107258140319e-19
10 20 2.450131396953248e-03 -3.061871738075274e-19
12 20 2.476117685164581e-03 -2.971855047708741e-19
14 20 -3.981001450780616e-03 4.815112321140127e-19
0 22 -1.001280993606772e-02 1.223661091983121e-18
2 22 7.302886675016261e-03 -8.925158672571800e-19
4 22 1.756935348553146e-03 -2.167784639599319e-19
6 22 -5.780949834218637e-03 7.094569743423259e-19
8 22 2.523285707067864e-03 -3.104330988457573e-19
10 22 2.526759280685146e-03 -3.080781849684468e-19
12 22 -4.036295785918532e-03 4.929822417145823e-19
0 24 1.011038878713514e-02 -1.247119161906545e-18
2 24 1.986019215520097e-03 -2.367181519842999e-19
4 24 -6.199378044130093e-03 7.534376367362642e-19
6 24 2.640709929311794e-03 -3.179834918997212e-19
8 24 2.607359478971078e-03 -3.245191973629562e-19
10 24 -4.127010388573051e-03 5.105067313012919e-19
0 26 2.754113121374454e-03 -3.303948883162253e-19
2 26 -7.019413385346349e-03 8.546463931417309e-19
4 26 2.836577487623781e-03 -3.429750214635009e-19
6 26 2.733255405667074e-03 -3.388400296937812e-19
8 26 -4.265771984941445e-03 5.263501302104021e-19
0 28 -9.748071001148877e-03 1.197848719163563e-18
2 28 3.216376545775328e-03 -3.968529910843805e-19
4 28 2.940178551729719e-03 -3.574342857056515e-19
6 28 -4.478127738075226e-03 5.459195743819064e-19
0 30 4.472190100628227e-03 -5.569329937085785e-19
2 30 3.337962436162577e-03 -4.020116480118076e-19
4 30 -4.823091179390467e-03 5.847043096885170e-19
0 32 4.646247074132105e-03 -5.656117891107090e-19
2 32 -5.481516153803830e-03 6.686307015329590e-19
0 34 -7.637183182474252e-03 9.413258467894838e-19
