0 0 4.581228403103685e-01 -5.610405522250577e-17
2 0 2.879480695943670e-01 -3.526355702440626e-17
4 0 2.216602030005991e-01 -2.714561577662548e-17
6 0 1.798429643710112e-01 -2.202446783973970e-17
8 0 1.493980718128763e-01 -1.829603424767191e-17
10 0 1.253157327230172e-01 -1.534679090611739e-17
12 0 1.041754299752607e-01 -1.275784680292474e-17
14 0 8.217924906608426e-02 -1.006406717101121e-17
16 0 5.538801071049972e-02 -6.783182528713211e-18
18 0 2.319143843317023e-02 -2.839967500809782e-18
20 0 -6.732096631302890e-03 8.243286197762798e-19
22 0 -1.999252019101432e-02 2.447670749592422e-18
24 0 -9.864979311327449e-03 1.211165941405350e-18
26 0 8.572868480751289e-03 -1.051667120465603e-18
28 0 1.090192362537244e-02 -1.323908972244932e-18
30 0 -3.495836320046891e-03 4.193018352653224e-19
32 0 -9.158026453259960e-03 2.692637822562449e-20
34 0 2.415999854661260e-03 -3.121378913836618e-20
0 2 2.879480694364391e-01 -3.526343155592585e-17
2 2 1.809847979914676e-01 -2.216423189281107e-17
4 2 1.393057610879415e-01 -1.706003555944185e-17
6 2 1.129343270560876e-01 -1.383046618835843e-17
8 2 9.340483225052530e-02 -1.143879288576788e-17
10 2 7.693865408065191e-02 -9.422267644559777e-18
12 2 6.030308239812253e-02 -7.384996470188977e-18
14 2 4.044968392493863e-02 -4.953648077924984e-18
16 2 1.687424996554947e-02 -2.073513132544874e-18
18 2 -4.883976137888228e-03 5.981615835020154e-19
20 2 -1.446952388213959e-02 1.771828164636146e-18
22 2 -7.125623619090411e-03 8.729622876691879e-19
24 2 6.181983295528003e-03 -7.453094493889573e-19
26 2 7.850282318515846e-03 -9.170415066961233e-19
28 2 -2.514187917560444e-03 3.110848334691193e-19
30 2 -6.579320345429973e-03 8.069576926885598e-19
32 2 1.734061069277994e-03 1.083620302330112e-19
0 4 2.216602030026838e-01 -2.714556851304328e-17
2 4 1.393057611867972e-01 -1.705998696297370e-17
4 4 1.071389097674133e-01 -1.312073300104489e-17
6 4 8.647607119467056e-02 -1.059026433296145e-17
8 4 7.023506056254844e-02 -8.601314034767314e-18
10 4 5.454619044323319e-02 -6.679981936294005e-18
12 4 3.635281989251609e-02 -4.451937254090057e-18
14 4 1.509278806924632e-02 -1.848341352983997e-18
16 4 -4.352271347202155e-03 5.383267988931530e-19
18 4 -1.285650927875695e-02 1.574446197550616e-18
20 4 -6.316190330799084e-03 7.734950779220786e-19
22 4 5.468902331825309e-03 -6.696372769439358e-19
24 4 6.933181436135956e-03 -7.942160745773995e-19
26 4 -2.217305146379982e-03 3.628703547252021e-19
28 4 -5.795265124072972e-03 7.089357332791856e-19
30 4 1.525770340857943e-03 -1.456626888785813e-19
0 6 1.798429643690703e-01 -2.202439296535421e-17
2 6 1.129343269640952e-01 -1.383039841495950e-17
4 6 8.647607119466685e-02 -1.059026593098027e-17
6 6 6.854240072654720e-02 -8.394024027592577e-18
8 6 5.248709622609254e-02 -6.427813465043161e-18
10 6 3.466105378907874e-02 -4.244756848543525e-18
12 6 1.429786500966521e-02 -1.750980640534168e-18
14 6 -4.103360777547106e-03 5.025190457690973e-19
16 6 -1.207658761339645e-02 1.477806744248020e-18
18 6 -5.915654247053784e-03 7.244580095125042e-19
20 6 5.109886307666355e-03 -6.257574074046649e-19
22 6 6.465225127893427e-03 -7.918011329345560e-19
24 6 -2.064198855256215e-03 3.720771616519678e-19
26 6 -5.387407278311174e-03 6.538486658283727e-19
28 6 1.416642196209112e-03 -1.739910809777887e-19
0 8 1.493980718147205e-01 -1.829596813194315e-17
2 8 9.340483233828352e-02 -1.143879798089480e-17
4 8 7.023506056252427e-02 -8.601306514258372e-18
6 8 5.248709622619226e-02 -6.427827089230149e-18
8 8 3.417625993022657e-02 -4.185369938441885e-18
10 8 1.396913451560881e-02 -1.710740220515655e-18
12 8 -3.983236299864790e-03 4.878194849933044e-19
14 8 -1.166709206115499e-02 1.428790410483362e-18
16 8 -5.694014925141933e-03 6.949302722095294e-19
18 8 4.904033872911097e-03 -6.005769524471463e-19
20 8 6.189981795086751e-03 -7.579814390641128e-19
22 8 -1.972410302075403e-03 2.414525657092156e-19
24 8 -5.139258996792980e-03 7.245715561051819e-19
26 8 1.349464094551555e-03 -3.319686792967187e-19
0 10 1.253157327212008e-01 -1.534660417225684e-17
2 10 7.693865399570043e-02 -9.422418161449475e-18
4 10 5.454619044322983e-02 -6.679903379745503e-18
6 10 3.466105378904753e-02 -4.244830550659924e-18
8 10 1.396913451563935e-02 -1.710646203137986e-18
10 10 -3.946858950659772e-03 4.832731838779928e-19
12 10 -1.148619595660013e-02 1.406730328931027e-18
14 10 -5.578972461696122e-03 6.831525390136560e-19
16 10 4.787254409688173e-03 -5.818090379097204e-19
18 10 6.024885861528610e-03 -7.381913515743494e-19
20 10 -1.915226798902880e-03 2.349302227477965e-19
22 10 -4.980391260890791e-03 6.094739831734138e-19
24 10 1.305567282208394e-03 -2.080655253924134e-19
0 12 1.041754299770114e-01 -1.275605801937730e-17
2 12 6.030308248115492e-02 -7.386301190772145e-18
4 12 3.635281990084997e-02 -4.450764546019219e-18
6 12 1.429786500972566e-02 -1.752104847614141e-18
8 12 -3.983236299890620e-03 4.889192595542225e-19
10 12 -1.148619595659629e-02 1.406346214142366e-18
12 12 -5.543094453149660e-03 6.799890057851111e-19
14 12 4.733763854732731e-03 -5.800159493370214e-19
16 12 5.935623358561878e-03 -7.256094118472662e-19
18 12 -1.881326300622232e-03 2.289984401288083e-19
20 12 -4.880573696568223e-03 5.992943562881033e-19
22 12 1.276869991497827e-03 -1.583671354571996e-19
0 14 8.217924906436118e-02 -1.006237939585712e-17
2 14 4.044968384321617e-02 -4.957478638241850e-18
4 14 1.509278806923978e-02 -1.847258602683714e-18
6 14 -4.103360777510297e-03 4.991490055906102e-19
8 14 -1.166709206093197e-02 1.429752234649639e-18
10 14 -5.578972461788608e-03 6.798533937310218e-19
12 14 4.733763854731653e-03 -5.788211859773945e-19
14 14 5.907290865748854e-03 -7.270688650822948e-19
16 14 -1.865449845476396e-03 2.323461842080495e-19
18 14 -4.825215682537699e-03 5.866024386439404e-19
20 14 1.259377795348116e-03 -1.490685835339509e-19
0 16 5.538801071220394e-02 -6.771458699864564e-18
2 16 1.687425004640975e-02 -2.075270707522275e-18
4 16 -4.352271347195544e-03 5.408307769035140e-19
6 16 -1.207658761338353e-02 1.471315522223042e-18
8 16 -5.694014925095909e-03 7.047939574174560e-19
10 16 4.787254409707912e-03 -5.939115788983106e-19
12 16 5.935623358574102e-03 -7.249032877179879e-19
14 16 -1.865449845451079e-03 2.201587870570618e-19
16 16 -4.807443188737362e-03 5.977036902037683e-19
18 16 1.251064979844871e-03 -1.635487196837395e-19
0 18 2.319143843147640e-02 -2.821027922573989e-18
2 18 -4.883976218230225e-03 5.842444588158812e-19
4 18 -1.285650927877135e-02 1.587286812208226e-18
6 18 -5.915654247051846e-03 7.122628047889226e-19
8 18 4.904033873148178e-03 -5.883111298833217e-19
10 18 6.024885861487593e-03 -7.501662802192150e-19
12 18 -1.881326300623882e-03 2.432979784400801e-19
14 18 -4.825215682575930e-03 5.772531222514673e-19
16 18 1.251064979843545e-03 -1.378423675776105e-19
0 20 -6.732096629614424e-03 8.441070758424354e-19
2 20 -1.446952380203535e-02 1.757443329218941e-18
4 20 -6.316190330603300e-03 7.867969279766382e-19
6 20 5.109886307686663e-03 -6.386277445331811e-19
8 20 6.189981795164794e-03 -7.452295918555683e-19
10 20 -1.915226798896149e-03 2.214182220002015e-19
12 20 -4.880573696568428e-03 6.115054639540190e-19
14 20 1.259377795413214e-03 -1.694587820003404e-19
0 22 -1.999252019270295e-02 2.454901625983129e-18
2 22 -7.125623699181016e-03 8.661484767586369e-19
4 22 5.468902331067470e-03 -6.650178470508625e-19
6 22 6.465225127895499e-03 -7.973818322358105e-19
8 22 -1.972410302086335e-03 2.464305568265053e-19
10 22 -4.980391260898940e-03 6.040298174110836e-19
12 22 1.276869991422784e-03 -1.503071702195354e-19
0 24 -9.864979309635539e-03 1.201899274369153e-18
2 24 6.181983375807835e-03 -7.467560048873713e-19
4 24 6.933181545823737e-03 -8.539780317952223e-19
6 24 -2.064198855244598e-03 2.610482598199335e-19
8 24 -5.139258996781835e-03 6.274835063055276e-19
10 24 1.305567282274417e-03 -1.524768918851250e-19
0 26 8.572868479051667e-03 -1.073726789167661e-18
2 26 7.850282237885203e-03 -9.559474316021389e-19
4 26 -2.217305254830254e-03 2.571286131390961e-19
6 26 -5.387407278312907e-03 1.321425999541037e-18
8 26 1.349464094566723e-03 -1.778235750921195e-19
0 28 1.090192362708203e-02 -1.321569546296845e-18
2 28 -2.514187836435144e-03 3.144422774249705e-19
4 28 -5.795264978251232e-03 7.164279686836693e-19
6 28 1.416642196198487e-03 -1.694974050589364e-19
0 30 -3.495836321769217e-03 4.367986804626239e-19
2 30 -6.579320427178900e-03 7.914641813774608e-19
4 30 1.525770339868367e-03 -1.799220869468582e-19
0 32 -9.158026451521513e-03 1.103682551452591e-18
2 32 1.734061093600002e-03 -2.262554736448353e-19
0 34 2.415999852905098e-03 -2.412811488475733e-19
