-0.0005 0.336292
-0.00049 0.35115
-0.00048 0.366643
-0.00047 0.382196
-0.00046 0.398227
-0.00045 0.414
-0.00044 0.43088
-0.00043 0.449245
-0.00042 0.464371
-0.00041 0.481491
-0.0004 0.498798
-0.00039 0.516268
-0.00038 0.532675
-0.00037 0.551069
-0.00036 0.568086
-0.00035 0.586056
-0.00034 0.604691
-0.00033 0.623016
-0.00032 0.640915
-0.00031 0.658721
-0.0003 0.676352
-0.00029 0.693745
-0.00028 0.711449
-0.00027 0.728396
-0.00026 0.744376
-0.00025 0.762897
-0.00024 0.778617
-0.00023 0.794193
-0.00022 0.809797
-0.00021 0.824993
-0.0002 0.839744
-0.00019 0.85351
-0.00018 0.868248
-0.00017 0.881417
-0.00016 0.894149
-0.00015 0.906276
-0.00014 0.917768
-0.00013 0.928598
-0.00012 0.938357
-0.00011 0.94773
-0.0001 0.955916
-9e-05 0.963756
-8e-05 0.970824
-7e-05 0.977103
-6e-05 0.982577
-5e-05 0.987232
-4e-05 0.991057
-3e-05 0.994042
-2e-05 0.998255
-1e-05 0.999564
6.26804e-19 1
1e-05 0.999564
2e-05 0.998255
3e-05 0.994042
4e-05 0.991057
5e-05 0.987232
6e-05 0.982577
7e-05 0.977103
8e-05 0.970824
9e-05 0.963756
0.0001 0.955916
0.00011 0.94773
0.00012 0.938357
0.00013 0.928598
0.00014 0.917768
0.00015 0.906276
0.00016 0.894149
0.00017 0.881417
0.00018 0.868248
0.00019 0.85351
0.0002 0.839744
0.00021 0.824993
0.00022 0.809797
0.00023 0.794193
0.00024 0.778617
0.00025 0.762897
0.00026 0.744376
0.00027 0.728396
0.00028 0.711449
0.00029 0.693745
0.0003 0.676352
0.00031 0.658721
0.00032 0.640915
0.00033 0.623016
0.00034 0.604691
0.00035 0.586056
0.00036 0.568086
0.00037 0.551069
0.00038 0.532675
0.00039 0.516268
0.0004 0.498798
0.00041 0.481491
0.00042 0.464371
0.00043 0.449245
0.00044 0.43088
0.00045 0.414
0.00046 0.398227
0.00047 0.382196
0.00048 0.366643
0.00049 0.35115
0.0005 0.336292
