-0.0005 -0.0060198
-0.00049 -0.00689543
-0.00048 -0.00759886
-0.00047 -0.0081471
-0.00046 -0.0085382
-0.00045 -0.00879542
-0.00044 -0.00889826
-0.00043 -0.00885022
-0.00042 -0.00875362
-0.00041 -0.00851504
-0.0004 -0.00818052
-0.00039 -0.00776093
-0.00038 -0.00728356
-0.00037 -0.00671653
-0.00036 -0.00611454
-0.00035 -0.00545979
-0.00034 -0.00476836
-0.00033 -0.00405882
-0.00032 -0.00333965
-0.00031 -0.00261676
-0.0003 -0.00189856
-0.00029 -0.00119267
-0.00028 -0.000505625
-0.00027 0.000154771
-0.00026 0.000784143
-0.00025 0.00137227
-0.00024 0.00192161
-0.00023 0.00242462
-0.00022 0.00287657
-0.00021 0.00327556
-0.0002 0.00361929
-0.00019 0.0039084
-0.00018 0.00413259
-0.00017 0.00430294
-0.00016 0.0044141
-0.00015 0.00446729
-0.00014 0.00446358
-0.00013 0.00440452
-0.00012 0.00429387
-0.00011 0.00413071
-0.0001 0.00392126
-9e-05 0.00366502
-8e-05 0.00336728
-7e-05 0.00303187
-6e-05 0.0026629
-5e-05 0.0022647
-4e-05 0.00184183
-3e-05 0.00139901
-2e-05 0.000939148
-1e-05 0.000472096
6.26804e-19 9.61425e-19
1e-05 -0.000472096
2e-05 -0.000939148
3e-05 -0.00139901
4e-05 -0.00184183
5e-05 -0.0022647
6e-05 -0.0026629
7e-05 -0.00303187
8e-05 -0.00336728
9e-05 -0.00366502
0.0001 -0.00392126
0.00011 -0.00413071
0.00012 -0.00429387
0.00013 -0.00440452
0.00014 -0.00446358
0.00015 -0.00446729
0.00016 -0.0044141
0.00017 -0.00430294
0.00018 -0.00413259
0.00019 -0.0039084
0.0002 -0.00361929
0.00021 -0.00327556
0.00022 -0.00287657
0.00023 -0.00242462
0.00024 -0.00192161
0.00025 -0.00137227
0.00026 -0.000784143
0.00027 -0.000154771
0.00028 0.000505625
0.00029 0.00119267
0.0003 0.00189856
0.00031 0.00261676
0.00032 0.00333965
0.00033 0.00405882
0.00034 0.00476836
0.00035 0.00545979
0.00036 0.00611454
0.00037 0.00671653
0.00038 0.00728356
0.00039 0.00776093
0.0004 0.00818052
0.00041 0.00851504
0.00042 0.00875362
0.00043 0.00885022
0.00044 0.00889826
0.00045 0.00879542
0.00046 0.0085382
0.00047 0.0081471
0.00048 0.00759886
0.00049 0.00689543
0.0005 0.0060198
